image: gazebo.pgm
resolution: 0.150000
origin: [-25.050000, -49.350002, 0.00000]
negate: 0
occupied_thresh: 0.65
free_thresh: 0.196

