image: global_map8.pgm
resolution: 0.150000
origin: [-106.425000, -86.025000, 0.000000]
negate: 0
occupied_thresh: 0.65
free_thresh: 0.196

