image: global_map1.pgm
resolution: 0.150000
origin: [-34.425000, -50.175000, 0.000000]
negate: 0
occupied_thresh: 0.65
free_thresh: 0.196

