image: global_map6.pgm
resolution: 0.150000
origin: [-106.725000, -85.725000, 0.000000]
negate: 0
occupied_thresh: 0.65
free_thresh: 0.196

