image: mymap.pgm
resolution: 0.150000
origin: [-37.125000, -51.675000, 0.000000]
negate: 0
occupied_thresh: 0.65
free_thresh: 0.196

